36 1,33 1 2 35,58 12,00 0,00 14,56 22,61 3,99 22,61 4,96 0,35 0,31 20 429,02 566,00 566,00 36
37 2,05 6 2 5 88,95 24,01 0,00 22,44 34,85 6,15 34,85 7,65 0 0,54 0,49 20 239,93 239,93 37
38 1,54 3 9 160,11 36,01 0,00 16,86 26,18 4,62 26,18 5,75 0,41 0,36 20 296,48 296,48 38
39 1,42 33 1 3 53,37 12,00 0,00 15,55 24,14 4,26 24,14 5,30 0 0,38 0,34 20 159,47 159,47 39
40 1,28 1 0 0,00 12,00 0,00 14,01 21,76 3,84 21,76 4,78 0,34 0,30 20 98,79 98,79 40
41 1,48 21 2 3 53,37 24,01 0,00 16,20 25,16 4,44 25,16 5,52 0 0,39 0,35 20 174,60 174,60 41
42 1,34 1 6 106,74 12,00 0,00 14,67 22,78 4,02 22,78 5,00 0,36 0,32 20 208,67 208,67 42
43 1,32 1 4 71,16 12,00 0,00 14,45 22,44 3,96 22,44 4,92 0,35 0,31 20 172,04 172,04 43
44 1,91 0 2 35,58 0,00 0,00 20,91 32,47 5,73 32,47 7,13 0,51 0,45 20 221,55 376,80 376,80 44
45 1,54 1 1 17,79 12,00 0,00 16,86 26,18 4,62 26,18 5,75 0,41 0,36 20 197,81 327,96 327,96 45
46 1,32 1 4 71,16 12,00 0,00 14,45 22,44 3,96 22,44 4,92 0,35 0,31 20 172,04 172,04 46
47 1,28 0 0 0,00 0,00 0,00 14,01 21,76 3,84 21,76 4,78 0,34 0,30 20 86,79 86,79 47
48 1,39 1 3 53,37 12,00 0,00 15,22 23,63 4,17 23,63 5,19 0,37 0,33 20 157,90 157,90 48
49 1,36 0 6 106,74 0,00 0,00 14,89 23,12 4,08 23,12 5,07 0,36 0,32 20 197,71 197,71 49
50 1,32 1 3 53,37 12,00 0,00 14,45 22,44 3,96 22,44 4,92 0,35 0,31 20 245,71 399,96 399,96 50
51 2,00 13 2 6 106,74 24,01 0,00 21,90 34,00 6,00 34,00 7,46 0 0,53 0,47 20 255,11 255,11 51
52 1,54 1 5 88,95 12,00 0,00 16,86 26,18 4,62 26,18 5,75 0,41 0,36 20 201,31 201,31 52
53 1,673,4 P
31 S 2 6 106,74 24,01 0,00 18,28 28,39 5,01 28,39 6,23 0 0,44 0,40 20 237,89 237,89 53
54 1,28 4 8 142,32 48,01 0,00 14,01 21,76 3,84 21,76 4,78 0,34 0,30 20 277,13 277,13 54
55 1,23 28 1 4 71,16 12,00 0,00 13,47 20,91 3,69 20,91 4,59 0 0,33 0,29 20 167,35 167,35 55
56 1,46 5 2 6 106,74 24,01 0,00 15,98 24,82 4,38 24,82 5,45 0 0,39 0,35 20 226,93 226,93 56
57 1,33 0 0 0,00 0,00 0,00 14,56 22,61 3,99 22,61 4,96 0,35 0,31 20 89,40 89,40 57
58 1,42 2 4 71,16 24,01 0,00 15,55 24,14 4,26 24,14 5,30 0,38 0,34 20 346,32 535,58 535,58 58
59 1,54 2 6 106,74 24,01 0,00 16,86 26,18 4,62 26,18 5,75 0,41 0,36 20 316,89 548,00 548,00 59
60 1,33 2 3 53,37 24,01 0,00 14,56 22,61 3,99 22,61 4,96 0,35 0,31 20 166,78 166,78 60
61 1,39 25 1 0 0,00 12,00 0,00 15,22 23,63 4,17 23,63 5,19 0 0,37 0,33 20 191,38 295,91 295,91 61
62 2,19 2 9 160,11 24,01 0,00 23,98 37,23 6,57 37,23 8,17 0,58 0,52 20 318,39 318,39 62
63 2,002 P
29 S 1 0 0,00 12,00 0,00 21,90 34,00 6,00 34,00 7,46 0 0,53 0,47 20 136,36 136,36 63
64 1,62 1 3 10 177,90 36,01 0,00 17,74 27,54 4,86 27,54 6,04 0 0,43 0,38 20 318,44 318,44 64
65 1,39 19 2 10 177,90 24,01 0,00 15,22 23,63 4,17 23,63 5,19 0 0,37 0,33 20 294,44 294,44 65
SAD 1,39 35 1 2 35,58 12,00 0,00 15,22 23,63 4,17 23,63 5,19 0 0,37 0,33 20 428,75 568,86 568,86 SAD
66 0,10 7 1,09 1,70 0,30 1,70 0,37 0 0,03 0,02 5 10,22 14,58 -4,36 66
67 0,10 27 1,09 1,70 0,30 1,70 0,37 0 0,03 0,02 5 13,09 23,31 23,31 67
68 0,11 20 1,20 1,87 0,33 1,87 0,41 0 0,03 0,03 5 10,74 4,89 5,85 68
69 0,11 12 1,20 1,87 0,33 1,87 0,41 0 0,03 0,03 5 53,88 64,62 64,62 69
70 0,11 11 1,20 1,87 0,33 1,87 0,41 0 0,03 0,03 5 10,74 10,74 70
71 0,11 18 1,20 1,87 0,33 1,87 0,41 0 0,03 0,03 5 41,05 51,79 51,79 71
72 0,12 22 1,31 2,04 0,36 2,04 0,45 0 0,03 0,03 5 11,26 11,26 72
73 0,10 30 1,09 1,70 0,30 1,70 0,37 0 0,03 0,02 5 170,64 180,86 180,86 73
74 0,11 4 1,20 1,87 0,33 1,87 0,41 0 0,03 0,03 5 10,74 261,45 -250,71 74
75 0,10 26 1,09 1,70 0,30 1,70 0,37 0 0,03 0,02 5 10,22 257,76 -247,54 75
76 0,09 3 0,99 1,53 0,27 1,53 0,34 0 0,02 0,02 5 9,70 9,70 76
77 0,07 16 0,77 1,19 0,21 1,19 0,26 0 0,02 0,02 5 8,65 92,08 -83,43 77
78 0,09 14 0,99 1,53 0,27 1,53 0,34 0 0,02 0,02 5 70,38 80,08 80,08 78
79 0,11 9 1,20 1,87 0,33 1,87 0,41 0 0,03 0,03 5 10,74 20,24 -9,50 79
100,00 98 317 5.639,53 1.176,28 0,00 1.094,80 1.700,00 300,00 1.700,00 373,07 0 26,51 23,68 1.390 4.965,75 18.389,62 1.803,22 16.586,40
INTOCMIT ADMINISTRATOR VERIFICAT CENZOR APROBAT PRESEDINTE
Dumitrascu Anisoara Pasca Felicia Verdet Ionela Geanina
